timestamp,funding_rate,mark_price,datetime
1755648000000,0.0001,4073.93,2025-08-20 00:00:00+00:00
1755676800000,3.18e-06,4183.66,2025-08-20 08:00:00+00:00
1755705600000,9.07e-05,4253.61408915,2025-08-20 16:00:00+00:00
1755734400006,6.232e-05,4334.5,2025-08-21 00:00:00.006000+00:00
1755763200000,5.834e-05,4309.0,2025-08-21 08:00:00+00:00
1755792000003,2.689e-05,4240.9,2025-08-21 16:00:00.003000+00:00
1755820800010,6.376e-05,4223.69,2025-08-22 00:00:00.010000+00:00
1755849600007,6.67e-05,4326.35375388,2025-08-22 08:00:00.007000+00:00
1755878400001,6.004e-05,4613.93,2025-08-22 16:00:00.001000+00:00
1755907200004,0.0001,4829.83,2025-08-23 00:00:00.004000+00:00
1755936000006,0.0001,4712.85,2025-08-23 08:00:00.006000+00:00
1755964800000,0.0001,4749.5566938,2025-08-23 16:00:00+00:00
1755993600001,0.0001,4777.4249054,2025-08-24 00:00:00.001000+00:00
1756022400002,0.0001,4757.66,2025-08-24 08:00:00.002000+00:00
1756051200001,0.0001,4796.45056589,2025-08-24 16:00:00.001000+00:00
1756080000000,4.932e-05,4778.33,2025-08-25 00:00:00+00:00
1756108800002,4.567e-05,4589.77243023,2025-08-25 08:00:00.002000+00:00
1756137600002,1.732e-05,4610.84970543,2025-08-25 16:00:00.002000+00:00
1756166400000,-7.39e-06,4374.3599845,2025-08-26 00:00:00+00:00
1756195200000,1.08e-05,4427.38,2025-08-26 08:00:00+00:00
1756224000000,1.029e-05,4517.19067829,2025-08-26 16:00:00+00:00
1756252800003,-8.19e-06,4598.68597674,2025-08-27 00:00:00.003000+00:00
1756281600000,1.933e-05,4578.6,2025-08-27 08:00:00+00:00
1756310400009,4.152e-05,4655.31,2025-08-27 16:00:00.009000+00:00
1756339200000,5.965e-05,4504.9385814,2025-08-28 00:00:00+00:00
1756368000005,2.643e-05,4594.81,2025-08-28 08:00:00.005000+00:00
1756396800004,2.175e-05,4502.0005155,2025-08-28 16:00:00.004000+00:00
1756425600000,1.728e-05,4509.34136822,2025-08-29 00:00:00+00:00
1756454400000,4.981e-05,4379.50601938,2025-08-29 08:00:00+00:00
1756483200005,1.496e-05,4313.86,2025-08-29 16:00:00.005000+00:00
1756512000000,4.162e-05,4358.64,2025-08-30 00:00:00+00:00
1756540800002,-1.108e-05,4400.08,2025-08-30 08:00:00.002000+00:00
1756569600003,4.057e-05,4374.27,2025-08-30 16:00:00.003000+00:00
1756598400016,-1.39e-05,4371.99,2025-08-31 00:00:00.016000+00:00
1756627200000,5.543e-05,4449.41955039,2025-08-31 08:00:00+00:00
1756656000001,-1.154e-05,4482.69935271,2025-08-31 16:00:00.001000+00:00
1756684800000,-2.114e-05,4390.47237485,2025-09-01 00:00:00+00:00
1756713600000,-1.3e-05,4461.17395349,2025-09-01 08:00:00+00:00
1756742400001,1.22e-06,4360.43208915,2025-09-01 16:00:00.001000+00:00
1756771200000,4.06e-06,4313.01,2025-09-02 00:00:00+00:00
1756800000005,5.513e-05,4376.35,2025-09-02 08:00:00.005000+00:00
1756828800007,3.026e-05,4293.55,2025-09-02 16:00:00.007000+00:00
1756857600006,1.812e-05,4324.59,2025-09-03 00:00:00.006000+00:00
1756886400002,-1.11e-06,4308.4251124,2025-09-03 08:00:00.002000+00:00
1756915200002,3.174e-05,4477.11681783,2025-09-03 16:00:00.002000+00:00
1756944000002,2.311e-05,4448.63827907,2025-09-04 00:00:00.002000+00:00
1756972800000,-2.012e-05,4368.81,2025-09-04 08:00:00+00:00
1757001600000,-2.527e-05,4303.2879186,2025-09-04 16:00:00+00:00
1757030400001,-5.54e-05,4296.12586822,2025-09-05 00:00:00.001000+00:00
1757059200006,-3.456e-05,4415.35654651,2025-09-05 08:00:00.006000+00:00
1757088000000,2.866e-05,4280.61,2025-09-05 16:00:00+00:00
1757116800000,-2.104e-05,4305.7,2025-09-06 00:00:00+00:00
1757145600005,3.956e-05,4310.42317442,2025-09-06 08:00:00.005000+00:00
1757174400000,4.06e-05,4267.82208915,2025-09-06 16:00:00+00:00
1757203200000,5.946e-05,4271.31,2025-09-07 00:00:00+00:00
1757232000000,8.938e-05,4292.99,2025-09-07 08:00:00+00:00
1757260800000,3.335e-05,4297.20504651,2025-09-07 16:00:00+00:00
1757289600007,2.556e-05,4304.15389147,2025-09-08 00:00:00.007000+00:00
1757318400000,2.063e-05,4289.82,2025-09-08 08:00:00+00:00
1757347200000,9.082e-05,4369.83,2025-09-08 16:00:00+00:00
1757376000000,4.706e-05,4303.98665891,2025-09-09 00:00:00+00:00
1757404800000,0.0001,4360.43,2025-09-09 08:00:00+00:00
1757433600000,6.645e-05,4282.78335659,2025-09-09 16:00:00+00:00
1757462400000,6.156e-05,4308.55254264,2025-09-10 00:00:00+00:00
1757491200002,8.82e-05,4327.97353876,2025-09-10 08:00:00.002000+00:00
1757520000000,0.0001,4403.5,2025-09-10 16:00:00+00:00
1757548800000,1.341e-05,4347.83,2025-09-11 00:00:00+00:00
1757577600000,0.0001,4439.0,2025-09-11 08:00:00+00:00
1757606400001,8.501e-05,4410.41,2025-09-11 16:00:00.001000+00:00
1757635200002,4.858e-05,4456.91765504,2025-09-12 00:00:00.002000+00:00
1757664000001,0.0001,4524.39,2025-09-12 08:00:00.001000+00:00
1757692800005,0.0001,4540.16,2025-09-12 16:00:00.005000+00:00
1757721600005,0.0001,4710.92940698,2025-09-13 00:00:00.005000+00:00
1757750400002,9.815e-05,4709.88593023,2025-09-13 08:00:00.002000+00:00
1757779200000,0.0001,4651.44,2025-09-13 16:00:00+00:00
1757808000006,3.75e-06,4664.46632946,2025-09-14 00:00:00.006000+00:00
1757836800000,8.307e-05,4648.8,2025-09-14 08:00:00+00:00
1757865600001,5.553e-05,4580.66847655,2025-09-14 16:00:00.001000+00:00
1757894400006,7.366e-05,4602.25855426,2025-09-15 00:00:00.006000+00:00
1757923200002,6.603e-05,4595.07828682,2025-09-15 08:00:00.002000+00:00
1757952000001,3.563e-05,4498.4076938,2025-09-15 16:00:00.001000+00:00
1757980800001,4.54e-05,4521.54,2025-09-16 00:00:00.001000+00:00
1758009600000,4.526e-05,4510.65,2025-09-16 08:00:00+00:00
1758038400000,2.037e-05,4465.73,2025-09-16 16:00:00+00:00
1758067200001,2.419e-05,4499.53808915,2025-09-17 00:00:00.001000+00:00
1758096000000,5.358e-05,4542.26,2025-09-17 08:00:00+00:00
1758124800003,4.406e-05,4487.65,2025-09-17 16:00:00.003000+00:00
1758153600006,5.15e-05,4588.68344186,2025-09-18 00:00:00.006000+00:00
1758182400002,4.292e-05,4573.1,2025-09-18 08:00:00.002000+00:00
1758211200000,1.971e-05,4597.16415504,2025-09-18 16:00:00+00:00
1758240000000,5.745e-05,4585.31,2025-09-19 00:00:00+00:00
1758268800005,-9.04e-06,4536.85290698,2025-09-19 08:00:00.005000+00:00
1758297600000,-4.324e-05,4472.12543411,2025-09-19 16:00:00+00:00
1758326400000,-4.366e-05,4466.49,2025-09-20 00:00:00+00:00
1758355200000,-5.97e-06,4480.82192248,2025-09-20 08:00:00+00:00
1758384000002,4.189e-05,4496.36,2025-09-20 16:00:00.002000+00:00
1758412800000,-2.372e-05,4478.27366667,2025-09-21 00:00:00+00:00
1758441600000,4.828e-05,4475.86645736,2025-09-21 08:00:00+00:00
1758470400000,3.039e-05,4480.9202093,2025-09-21 16:00:00+00:00
1758499200005,-2.051e-05,4443.33,2025-09-22 00:00:00.005000+00:00
1758528000003,-5.18e-06,4191.68,2025-09-22 08:00:00.003000+00:00
1758556800000,5.08e-06,4165.82,2025-09-22 16:00:00+00:00
1758585600000,-1.93e-06,4196.97614729,2025-09-23 00:00:00+00:00
1758614400001,5.594e-05,4203.24,2025-09-23 08:00:00.001000+00:00
1758643200000,-2.189e-05,4179.12,2025-09-23 16:00:00+00:00
1758672000003,9.73e-06,4162.24,2025-09-24 00:00:00.003000+00:00
1758700800001,7.19e-06,4173.43,2025-09-24 08:00:00.001000+00:00
1758729600002,-3.616e-05,4163.81,2025-09-24 16:00:00.002000+00:00
1758758400000,-8.602e-05,4150.51304651,2025-09-25 00:00:00+00:00
1758787200001,-8.11e-05,4006.94,2025-09-25 08:00:00.001000+00:00
1758816000000,0.0001,4000.97,2025-09-25 16:00:00+00:00
1758844800000,8.976e-05,3873.1,2025-09-26 00:00:00+00:00
1758873600000,3.202e-05,3936.6,2025-09-26 08:00:00+00:00
1758902400008,4.775e-05,3944.84769767,2025-09-26 16:00:00.008000+00:00
1758931200000,-1.608e-05,4030.50897674,2025-09-27 00:00:00+00:00
1758960000010,4.387e-05,4005.99,2025-09-27 08:00:00.010000+00:00
1758988800003,0.0001,4017.2,2025-09-27 16:00:00.003000+00:00
1759017600000,7.975e-05,4017.01,2025-09-28 00:00:00+00:00
1759046400000,4.229e-05,4013.0,2025-09-28 08:00:00+00:00
1759075200000,8.2e-05,4019.93404651,2025-09-28 16:00:00+00:00
1759104000000,3.512e-05,4140.63316279,2025-09-29 00:00:00+00:00
1759132800002,3.842e-05,4106.69554264,2025-09-29 08:00:00.002000+00:00
1759161600001,-3.49e-05,4162.67086822,2025-09-29 16:00:00.001000+00:00
1759190400002,9.16e-06,4213.26955814,2025-09-30 00:00:00.002000+00:00
1759219200005,-1.307e-05,4181.0,2025-09-30 08:00:00.005000+00:00
1759248000000,4.72e-06,4118.09,2025-09-30 16:00:00+00:00
1759276800000,-1.572e-05,4142.98,2025-10-01 00:00:00+00:00
1759305600000,2.569e-05,4144.52900962,2025-10-01 08:00:00+00:00
1759334400000,-7.44e-06,4325.01,2025-10-01 16:00:00+00:00
1759363200000,1.487e-05,4346.06,2025-10-02 00:00:00+00:00
1759392000013,3.033e-05,4373.65557364,2025-10-02 08:00:00.013000+00:00
1759420800000,3.733e-05,4435.81462791,2025-10-02 16:00:00+00:00
1759449600006,1.312e-05,4481.7,2025-10-03 00:00:00.006000+00:00
1759478400006,7.933e-05,4460.84,2025-10-03 08:00:00.006000+00:00
1759507200000,5.593e-05,4532.88,2025-10-03 16:00:00+00:00
1759536000001,5.57e-05,4510.94,2025-10-04 00:00:00.001000+00:00
1759564800000,7.25e-06,4496.24,2025-10-04 08:00:00+00:00
1759593600000,4.8e-05,4452.22,2025-10-04 16:00:00+00:00
1759622400000,5.761e-05,4485.3270155,2025-10-05 00:00:00+00:00
1759651200003,0.0001,4604.91,2025-10-05 08:00:00.003000+00:00
1759680000009,9.708e-05,4530.6,2025-10-05 16:00:00.009000+00:00
1759708800004,7.894e-05,4512.5046124,2025-10-06 00:00:00.004000+00:00
1759737600002,0.0001,4531.3,2025-10-06 08:00:00.002000+00:00
1759766400004,0.0001,4671.46368992,2025-10-06 16:00:00.004000+00:00
1759795200000,0.0001,4682.42,2025-10-07 00:00:00+00:00
1759824000003,0.0001,4676.83,2025-10-07 08:00:00.003000+00:00
1759852800000,0.0001,4510.41339535,2025-10-07 16:00:00+00:00
1759881600000,1.254e-05,4445.6,2025-10-08 00:00:00+00:00
1759910400006,6.038e-05,4461.08,2025-10-08 08:00:00.006000+00:00
1759939200002,1.261e-05,4445.23296124,2025-10-08 16:00:00.002000+00:00
1759968000001,3.613e-05,4523.67,2025-10-09 00:00:00.001000+00:00
1759996800000,-2.26e-06,4424.43,2025-10-09 08:00:00+00:00
1760025600000,5.752e-05,4313.13313953,2025-10-09 16:00:00+00:00
1760054400005,2.565e-05,4365.89155974,2025-10-10 00:00:00.005000+00:00
1760083200002,2.511e-05,4321.08889147,2025-10-10 08:00:00.002000+00:00
1760112000014,-5.147e-05,4100.48,2025-10-10 16:00:00.014000+00:00
1760140800000,0.0001,3820.04284109,2025-10-11 00:00:00+00:00
1760169600003,-0.00013094,3757.27,2025-10-11 08:00:00.003000+00:00
1760198400000,-1.73e-06,3822.65671318,2025-10-11 16:00:00+00:00
1760227200004,-6.965e-05,3744.54,2025-10-12 00:00:00.004000+00:00
1760256000002,8.39e-06,3825.69493023,2025-10-12 08:00:00.002000+00:00
1760284800000,-4.563e-05,4033.07592248,2025-10-12 16:00:00+00:00
1760313600003,-2.591e-05,4150.0,2025-10-13 00:00:00.003000+00:00
1760342400002,5.255e-05,4176.37485271,2025-10-13 08:00:00.002000+00:00
1760371200003,5.202e-05,4133.44,2025-10-13 16:00:00.003000+00:00
1760400000000,5.602e-05,4239.7,2025-10-14 00:00:00+00:00
1760428800000,3.52e-06,3979.88,2025-10-14 08:00:00+00:00
1760457600000,2.693e-05,4084.13926357,2025-10-14 16:00:00+00:00
1760486400006,1.42e-05,4123.05,2025-10-15 00:00:00.006000+00:00
1760515200002,4.258e-05,4120.11372093,2025-10-15 08:00:00.002000+00:00
1760544000000,2.5e-05,3979.78179845,2025-10-15 16:00:00+00:00
1760572800000,-4.99e-06,3983.8,2025-10-16 00:00:00+00:00
1760601600003,7.65e-06,4003.38165891,2025-10-16 08:00:00.003000+00:00
1760630400002,6.18e-06,3906.25694186,2025-10-16 16:00:00.002000+00:00
1760659200001,3.354e-05,3892.18452713,2025-10-17 00:00:00.001000+00:00
1760688000005,5.63e-05,3755.06874419,2025-10-17 08:00:00.005000+00:00
1760716800003,2.963e-05,3796.16006977,2025-10-17 16:00:00.003000+00:00
1760745600000,1.423e-05,3830.02745736,2025-10-18 00:00:00+00:00
1760774400002,1.51e-05,3890.47,2025-10-18 08:00:00.002000+00:00
1760803200001,6.086e-05,3876.05548062,2025-10-18 16:00:00.001000+00:00
1760832000001,6.239e-05,3887.01,2025-10-19 00:00:00.001000+00:00
1760860800001,2.101e-05,3886.7,2025-10-19 08:00:00.001000+00:00
1760889600001,3.514e-05,3977.55,2025-10-19 16:00:00.001000+00:00
1760918400004,2.481e-05,3980.85823256,2025-10-20 00:00:00.004000+00:00
1760947200001,5.413e-05,4053.55528682,2025-10-20 08:00:00.001000+00:00
1760976000000,5.999e-05,4002.92856202,2025-10-20 16:00:00+00:00
1761004800009,3.53e-05,3977.55,2025-10-21 00:00:00.009000+00:00
1761033600000,4.7e-07,3890.72004651,2025-10-21 08:00:00+00:00
1761062400000,7.724e-05,4080.4207907,2025-10-21 16:00:00+00:00
1761091200004,-2.491e-05,3871.11,2025-10-22 00:00:00.004000+00:00
1761120000000,2.192e-05,3866.99136728,2025-10-22 08:00:00+00:00
1761148800000,2.392e-05,3839.72,2025-10-22 16:00:00+00:00
1761177600000,5.29e-06,3803.71,2025-10-23 00:00:00+00:00
1761206400001,4.173e-05,3879.85388372,2025-10-23 08:00:00.001000+00:00
1761235200004,5.185e-05,3874.88,2025-10-23 16:00:00.004000+00:00
1761264000000,8.88e-06,3855.43300775,2025-10-24 00:00:00+00:00
1761292800000,9.418e-05,3947.65,2025-10-24 08:00:00+00:00
1761321600009,3.074e-05,3887.1,2025-10-24 16:00:00.009000+00:00
1761350400000,1.282e-05,3933.2,2025-10-25 00:00:00+00:00
1761379200001,1.546e-05,3927.29,2025-10-25 08:00:00.001000+00:00
1761408000001,6.413e-05,3931.491,2025-10-25 16:00:00.001000+00:00
1761436800001,0.0001,3952.26246899,2025-10-26 00:00:00.001000+00:00
1761465600001,2.079e-05,3949.72,2025-10-26 08:00:00.001000+00:00
1761494400000,0.0001,4073.54621705,2025-10-26 16:00:00+00:00
1761523200000,0.0001,4157.36870543,2025-10-27 00:00:00+00:00
1761552000005,0.0001,4199.99,2025-10-27 08:00:00.005000+00:00
1761580800000,7.827e-05,4171.24,2025-10-27 16:00:00+00:00
1761609600000,3.936e-05,4118.47,2025-10-28 00:00:00+00:00
1761638400000,4.615e-05,4115.70196899,2025-10-28 08:00:00+00:00
1761667200004,1.796e-05,4095.35,2025-10-28 16:00:00.004000+00:00
1761696000004,-5.159e-05,3977.58941085,2025-10-29 00:00:00.004000+00:00
1761724800005,-1.008e-05,4022.83,2025-10-29 08:00:00.005000+00:00
1761753600000,3.915e-05,3950.23,2025-10-29 16:00:00+00:00
1761782400004,-3.389e-05,3900.84131783,2025-10-30 00:00:00.004000+00:00
1761811200008,-2.243e-05,3938.48378295,2025-10-30 08:00:00.008000+00:00
1761840000001,-6.394e-05,3771.81851938,2025-10-30 16:00:00.001000+00:00
1761868800000,3.219e-05,3802.31,2025-10-31 00:00:00+00:00
1761897600008,7.777e-05,3829.62250388,2025-10-31 08:00:00.008000+00:00
1761926400007,-1.283e-05,3859.04427132,2025-10-31 16:00:00.007000+00:00
1761955200001,6.032e-05,3846.41,2025-11-01 00:00:00.001000+00:00
1761984000000,7.748e-05,3859.28,2025-11-01 08:00:00+00:00
1762012800000,0.0001,3893.1211668,2025-11-01 16:00:00+00:00
1762041600007,6.688e-05,3872.13,2025-11-02 00:00:00.007000+00:00
1762070400000,9.258e-05,3905.13814729,2025-11-02 08:00:00+00:00
1762099200001,3.269e-05,3851.64,2025-11-02 16:00:00.001000+00:00
1762128000000,8.937e-05,3905.02096124,2025-11-03 00:00:00+00:00
1762156800010,2.373e-05,3713.1191938,2025-11-03 08:00:00.010000+00:00
1762185600000,5.24e-06,3587.37,2025-11-03 16:00:00+00:00
1762214400002,7.89e-05,3602.37986822,2025-11-04 00:00:00.002000+00:00
1762243200004,8.984e-05,3492.95644186,2025-11-04 08:00:00.004000+00:00
1762272000000,4.875e-05,3505.85,2025-11-04 16:00:00+00:00
1762300800000,1.174e-05,3285.29,2025-11-05 00:00:00+00:00
1762329600000,6.56e-06,3329.26889147,2025-11-05 08:00:00+00:00
1762358400004,4.337e-05,3396.32,2025-11-05 16:00:00.004000+00:00
1762387200001,4.919e-05,3423.3660969,2025-11-06 00:00:00.001000+00:00
1762416000000,4.986e-05,3379.0,2025-11-06 08:00:00+00:00
1762444800001,7.1e-07,3300.0,2025-11-06 16:00:00.001000+00:00
1762473600005,7.583e-05,3313.86843411,2025-11-07 00:00:00.005000+00:00
1762502400003,4.78e-05,3356.5094587,2025-11-07 08:00:00.003000+00:00
1762531200005,8.277e-05,3296.61312403,2025-11-07 16:00:00.005000+00:00
1762560000011,7.722e-05,3434.90193023,2025-11-08 00:00:00.011000+00:00
1762588800015,8.414e-05,3446.59017054,2025-11-08 08:00:00.015000+00:00
1762617600001,6.487e-05,3375.68,2025-11-08 16:00:00.001000+00:00
1762646400004,1.158e-05,3400.07,2025-11-09 00:00:00.004000+00:00
1762675200000,6.622e-05,3421.21175194,2025-11-09 08:00:00+00:00
1762704000005,4.71e-05,3514.06362791,2025-11-09 16:00:00.005000+00:00
1762732800000,3.686e-05,3581.40451938,2025-11-10 00:00:00+00:00
1762761600000,9.099e-05,3608.31591473,2025-11-10 08:00:00+00:00
1762790400003,7.806e-05,3518.59824806,2025-11-10 16:00:00.003000+00:00
1762819200007,2.962e-05,3566.38,2025-11-11 00:00:00.007000+00:00
1762848000000,-2.557e-05,3542.83,2025-11-11 08:00:00+00:00
1762876800009,2.827e-05,3479.61,2025-11-11 16:00:00.009000+00:00
1762905600000,3.618e-05,3416.32,2025-11-12 00:00:00+00:00
1762934400002,-3.94e-05,3426.89084496,2025-11-12 08:00:00.002000+00:00
1762963200000,7.04e-05,3427.16393023,2025-11-12 16:00:00+00:00
1762992000002,6.967e-05,3413.45,2025-11-13 00:00:00.002000+00:00
1763020800000,0.0001,3538.14021705,2025-11-13 08:00:00+00:00
1763049600001,2.321e-05,3386.08135659,2025-11-13 16:00:00.001000+00:00
1763078400000,-3.82e-06,3230.12706977,2025-11-14 00:00:00+00:00
1763107200000,3.573e-05,3214.12926357,2025-11-14 08:00:00+00:00
1763136000001,7.962e-05,3195.87,2025-11-14 16:00:00.001000+00:00
1763164800005,4.979e-05,3111.41544106,2025-11-15 00:00:00.005000+00:00
1763193600000,4.397e-05,3174.99,2025-11-15 08:00:00+00:00
1763222400001,4.679e-05,3184.5,2025-11-15 16:00:00.001000+00:00
1763251200001,0.0001,3166.55,2025-11-16 00:00:00.001000+00:00
1763280000000,0.0001,3218.40003101,2025-11-16 08:00:00+00:00
1763308800000,7.779e-05,3103.51,2025-11-16 16:00:00+00:00
1763337600003,0.0001,3095.01727132,2025-11-17 00:00:00.003000+00:00
1763366400003,0.0001,3197.29,2025-11-17 08:00:00.003000+00:00
1763395200000,5.992e-05,3119.24,2025-11-17 16:00:00+00:00
1763424000002,9.056e-05,3030.07,2025-11-18 00:00:00.002000+00:00
1763452800004,0.0001,3024.38991473,2025-11-18 08:00:00.004000+00:00
1763481600000,5.928e-05,3105.25403769,2025-11-18 16:00:00+00:00
1763510400000,0.0001,3122.2,2025-11-19 00:00:00+00:00
1763539200000,6.727e-05,3083.92845736,2025-11-19 08:00:00+00:00
1763568000008,3.204e-05,2972.28232558,2025-11-19 16:00:00.008000+00:00
1763596800000,7.097e-05,3024.09,2025-11-20 00:00:00+00:00
1763625600000,7.838e-05,3038.21689147,2025-11-20 08:00:00+00:00
1763654400000,6.788e-05,2954.52,2025-11-20 16:00:00+00:00
1763683200001,3.335e-05,2833.48894574,2025-11-21 00:00:00.001000+00:00
1763712000000,1.947e-05,2719.22072868,2025-11-21 08:00:00+00:00
1763740800001,5.44e-05,2703.69,2025-11-21 16:00:00.001000+00:00
1763769600004,1.859e-05,2764.63,2025-11-22 00:00:00.004000+00:00
1763798400000,7.195e-05,2755.13,2025-11-22 08:00:00+00:00
1763827200000,4.657e-05,2737.64817054,2025-11-22 16:00:00+00:00
1763856000000,6.445e-05,2769.13278295,2025-11-23 00:00:00+00:00
1763884800008,-2.356e-05,2792.32,2025-11-23 08:00:00.008000+00:00
1763913600003,-5.87e-06,2835.31565116,2025-11-23 16:00:00.003000+00:00
1763942400004,-1e-07,2800.96685245,2025-11-24 00:00:00.004000+00:00
1763971200000,7.615e-05,2828.77,2025-11-24 08:00:00+00:00
1764000000006,4.931e-05,2845.26537209,2025-11-24 16:00:00.006000+00:00
1764028800000,4.02e-05,2952.18,2025-11-25 00:00:00+00:00
1764057600009,3.624e-05,2901.54,2025-11-25 08:00:00.009000+00:00
1764086400007,5.56e-06,2894.18,2025-11-25 16:00:00.007000+00:00
1764115200001,4.707e-05,2958.29194574,2025-11-26 00:00:00.001000+00:00
1764144000001,-9.2e-06,2943.11770543,2025-11-26 08:00:00.001000+00:00
1764172800000,1.886e-05,2926.63055814,2025-11-26 16:00:00+00:00
1764201600013,2.467e-05,3025.05,2025-11-27 00:00:00.013000+00:00
1764230400000,1.646e-05,3032.24509302,2025-11-27 08:00:00+00:00
1764259200004,9.88e-06,3009.75889922,2025-11-27 16:00:00.004000+00:00
1764288000008,-1.45e-06,3013.89,2025-11-28 00:00:00.008000+00:00
1764316800000,2.638e-05,3000.26055,2025-11-28 08:00:00+00:00
1764345600008,-9.03e-06,3072.13665196,2025-11-28 16:00:00.008000+00:00
1764374400000,2.574e-05,3029.8,2025-11-29 00:00:00+00:00
1764403200005,5.1e-06,3003.23,2025-11-29 08:00:00.005000+00:00
1764432000001,-1.52e-06,3006.09641139,2025-11-29 16:00:00.001000+00:00
1764460800003,7.916e-05,2987.96,2025-11-30 00:00:00.003000+00:00
1764489600000,4.019e-05,3003.55172093,2025-11-30 08:00:00+00:00
1764518400004,3.707e-05,3027.88,2025-11-30 16:00:00.004000+00:00
1764547200000,5.374e-05,2990.24148837,2025-12-01 00:00:00+00:00
1764576000004,7.757e-05,2838.6039575,2025-12-01 08:00:00.004000+00:00
1764604800000,-2.535e-05,2745.14208527,2025-12-01 16:00:00+00:00
1764633600004,6.949e-05,2797.62505426,2025-12-02 00:00:00.004000+00:00
1764662400000,5.552e-05,2804.33772093,2025-12-02 08:00:00+00:00
1764691200000,4.147e-05,3005.55,2025-12-02 16:00:00+00:00
1764720000000,4.698e-05,2994.63,2025-12-03 00:00:00+00:00
1764748800000,1.107e-05,3056.4,2025-12-03 08:00:00+00:00
1764777600005,5.015e-05,3084.84,2025-12-03 16:00:00.005000+00:00
1764806400012,6.305e-05,3187.29982946,2025-12-04 00:00:00.012000+00:00
1764835200000,0.0001,3189.02,2025-12-04 08:00:00+00:00
1764864000011,9.628e-05,3206.7,2025-12-04 16:00:00.011000+00:00
1764892800000,2.405e-05,3132.0,2025-12-05 00:00:00+00:00
1764921600000,9.771e-05,3172.27,2025-12-05 08:00:00+00:00
1764950400010,4.884e-05,3105.37104264,2025-12-05 16:00:00.010000+00:00
1764979200001,4.481e-05,3020.3345814,2025-12-06 00:00:00.001000+00:00
1765008000001,4.55e-06,3024.98,2025-12-06 08:00:00.001000+00:00
1765036800008,3.188e-05,3040.1,2025-12-06 16:00:00.008000+00:00
1765065600000,3.716e-05,3036.53,2025-12-07 00:00:00+00:00
1765094400004,-9.74e-06,3036.0,2025-12-07 08:00:00.004000+00:00
1765123200000,1.448e-05,3027.5372093,2025-12-07 16:00:00+00:00
1765152000000,2.807e-05,3058.13,2025-12-08 00:00:00+00:00
1765180800000,7.24e-05,3132.81955814,2025-12-08 08:00:00+00:00
1765209600001,4.139e-05,3099.69,2025-12-08 16:00:00.001000+00:00
1765238400001,5.283e-05,3123.15,2025-12-09 00:00:00.001000+00:00
1765267200001,6.214e-05,3120.99,2025-12-09 08:00:00.001000+00:00
1765296000007,3.873e-05,3244.57465116,2025-12-09 16:00:00.007000+00:00
1765324800007,0.0001,3316.5,2025-12-10 00:00:00.007000+00:00
1765353600002,7.429e-05,3325.6694186,2025-12-10 08:00:00.002000+00:00
1765382400012,3.462e-05,3326.70315504,2025-12-10 16:00:00.012000+00:00
1765411200001,6.92e-05,3322.84322481,2025-12-11 00:00:00.001000+00:00
1765440000000,1.38e-06,3200.04512831,2025-12-11 08:00:00+00:00
1765468800000,2.616e-05,3178.20453488,2025-12-11 16:00:00+00:00
1765497600005,-2.48e-06,3235.78,2025-12-12 00:00:00.005000+00:00
1765526400007,3.217e-05,3245.0,2025-12-12 08:00:00.007000+00:00
1765555200002,-2.36e-06,3072.10405814,2025-12-12 16:00:00.002000+00:00
1765584000001,1.07e-06,3083.34,2025-12-13 00:00:00.001000+00:00
1765612800006,-1.354e-05,3093.20392793,2025-12-13 08:00:00.006000+00:00
1765641600000,3.292e-05,3108.6523327,2025-12-13 16:00:00+00:00
1765670400000,8.266e-05,3113.00076744,2025-12-14 00:00:00+00:00
1765699200003,4.872e-05,3113.8825814,2025-12-14 08:00:00.003000+00:00
1765728000005,8.259e-05,3083.33,2025-12-14 16:00:00.005000+00:00
1765756800000,6.154e-05,3061.33,2025-12-15 00:00:00+00:00
1765785600000,3.415e-05,3127.34,2025-12-15 08:00:00+00:00
1765814400000,2.051e-05,3009.47985565,2025-12-15 16:00:00+00:00
1765843200002,-6.41e-06,2963.26,2025-12-16 00:00:00.002000+00:00
1765872000000,2.281e-05,2922.62,2025-12-16 08:00:00+00:00
1765900800002,-1.87e-05,2961.85,2025-12-16 16:00:00.002000+00:00
1765929600004,3.52e-06,2960.73833333,2025-12-17 00:00:00.004000+00:00
1765958400000,3.718e-05,2946.59,2025-12-17 08:00:00+00:00
1765987200000,8.6e-07,2903.39,2025-12-17 16:00:00+00:00
1766016000005,-1.833e-05,2832.0,2025-12-18 00:00:00.005000+00:00
1766044800007,-3.186e-05,2834.98,2025-12-18 08:00:00.007000+00:00
1766073600001,5.89e-05,2964.16,2025-12-18 16:00:00.001000+00:00
1766102400000,5.783e-05,2827.28557364,2025-12-19 00:00:00+00:00
1766131200001,7.285e-05,2950.56593023,2025-12-19 08:00:00.001000+00:00
1766160000000,9.196e-05,2963.53419006,2025-12-19 16:00:00+00:00
1766188800005,1.997e-05,2978.40965891,2025-12-20 00:00:00.005000+00:00
1766217600000,1.909e-05,2980.30465891,2025-12-20 08:00:00+00:00
1766246400002,9.03e-06,2975.58,2025-12-20 16:00:00.002000+00:00
1766275200000,1.836e-05,2976.54,2025-12-21 00:00:00+00:00
1766304000009,4.198e-05,2979.86175194,2025-12-21 08:00:00.009000+00:00
1766332800000,3.37e-06,2973.41665891,2025-12-21 16:00:00+00:00
1766361600000,-2.332e-05,3000.72510853,2025-12-22 00:00:00+00:00
1766390400005,5.76e-06,3028.38,2025-12-22 08:00:00.005000+00:00
1766419200009,-5.69e-06,3051.42631783,2025-12-22 16:00:00.009000+00:00
1766448000000,3.812e-05,3008.1,2025-12-23 00:00:00+00:00
1766476800000,6.79e-05,2963.57,2025-12-23 08:00:00+00:00
1766505600001,2.64e-05,2927.74589922,2025-12-23 16:00:00.001000+00:00
1766534400001,2.584e-05,2963.29,2025-12-24 00:00:00.001000+00:00
1766563200001,6.186e-05,2931.36,2025-12-24 08:00:00.001000+00:00
1766592000000,5.629e-05,2924.43882171,2025-12-24 16:00:00+00:00
1766620800000,6.527e-05,2946.23,2025-12-25 00:00:00+00:00
1766649600001,6.688e-05,2940.84,2025-12-25 08:00:00.001000+00:00
1766678400005,4.97e-05,2959.48,2025-12-25 16:00:00.005000+00:00
1766707200004,5.028e-05,2902.63771318,2025-12-26 00:00:00.004000+00:00
1766736000001,6.473e-05,2955.52842636,2025-12-26 08:00:00.001000+00:00
1766764800007,3.451e-05,2921.51,2025-12-26 16:00:00.007000+00:00
1766793600000,4.038e-05,2926.82235365,2025-12-27 00:00:00+00:00
1766822400000,-5.19e-06,2931.47,2025-12-27 08:00:00+00:00
1766851200011,8.133e-05,2925.53,2025-12-27 16:00:00.011000+00:00
1766880000008,5.105e-05,2947.61,2025-12-28 00:00:00.008000+00:00
1766908800000,7.91e-05,2937.78866667,2025-12-28 08:00:00+00:00
1766937600000,4.862e-05,2948.08154264,2025-12-28 16:00:00+00:00
1766966400016,9.172e-05,2949.59,2025-12-29 00:00:00.016000+00:00
1766995200001,8.496e-05,3018.46,2025-12-29 08:00:00.001000+00:00
1767024000000,1.862e-05,2934.04247287,2025-12-29 16:00:00+00:00
1767052800005,-1.536e-05,2936.46,2025-12-30 00:00:00.005000+00:00
1767081600001,3.92e-05,2949.50734964,2025-12-30 08:00:00.001000+00:00
1767110400003,0.0001,2988.49,2025-12-30 16:00:00.003000+00:00
1767139200004,5.157e-05,2972.28718605,2025-12-31 00:00:00.004000+00:00
1767168000001,1.205e-05,2975.56608527,2025-12-31 08:00:00.001000+00:00
1767196800001,3.527e-05,2984.3,2025-12-31 16:00:00.001000+00:00
1767225600008,0.0001,2970.4651982,2026-01-01 00:00:00.008000+00:00
1767254400002,8.799e-05,2977.34010078,2026-01-01 08:00:00.002000+00:00
1767283200001,-5.6e-06,2988.45,2026-01-01 16:00:00.001000+00:00
1767312000006,5.053e-05,3002.5,2026-01-02 00:00:00.006000+00:00
1767340800007,3.09e-05,3016.99,2026-01-02 08:00:00.007000+00:00
1767369600000,0.0001,3085.09,2026-01-02 16:00:00+00:00
1767398400001,5.187e-05,3123.89,2026-01-03 00:00:00.001000+00:00
1767427200000,3.421e-05,3089.51,2026-01-03 08:00:00+00:00
1767456000000,3.231e-05,3099.91,2026-01-03 16:00:00+00:00
1767484800000,7.598e-05,3125.59455039,2026-01-04 00:00:00+00:00
1767513600000,2.12e-06,3139.60639535,2026-01-04 08:00:00+00:00
1767542400001,7.231e-05,3134.42257364,2026-01-04 16:00:00.001000+00:00
1767571200000,7.926e-05,3143.75382171,2026-01-05 00:00:00+00:00
1767600000000,9.66e-06,3156.17,2026-01-05 08:00:00+00:00
1767628800000,5.085e-05,3195.50585806,2026-01-05 16:00:00+00:00
1767657600010,8.035e-05,3223.72,2026-01-06 00:00:00.010000+00:00
1767686400000,6.876e-05,3218.05831783,2026-01-06 08:00:00+00:00
1767715200000,4.25e-05,3270.74,2026-01-06 16:00:00+00:00
1767744000001,7.658e-05,3295.45,2026-01-07 00:00:00.001000+00:00
1767772800001,7.268e-05,3254.0,2026-01-07 08:00:00.001000+00:00
1767801600001,3.902e-05,3163.52,2026-01-07 16:00:00.001000+00:00
1767830400001,7.044e-05,3167.31,2026-01-08 00:00:00.001000+00:00
1767859200000,7.658e-05,3126.43916279,2026-01-08 08:00:00+00:00
1767888000000,4.9e-07,3103.45,2026-01-08 16:00:00+00:00
1767916800003,6.634e-05,3105.14,2026-01-09 00:00:00.003000+00:00
1767945600000,3.789e-05,3109.75,2026-01-09 08:00:00+00:00
1767974400001,5.562e-05,3111.39,2026-01-09 16:00:00.001000+00:00
1768003200000,8.959e-05,3087.15,2026-01-10 00:00:00+00:00
1768032000002,0.0001,3091.5,2026-01-10 08:00:00.002000+00:00
1768060800001,5.277e-05,3094.12,2026-01-10 16:00:00.001000+00:00
1768089600003,9.824e-05,3085.47162016,2026-01-11 00:00:00.003000+00:00
1768118400006,6.573e-05,3094.03,2026-01-11 08:00:00.006000+00:00
1768147200000,5.876e-05,3117.21564341,2026-01-11 16:00:00+00:00
1768176000005,0.0001,3122.46500775,2026-01-12 00:00:00.005000+00:00
1768204800000,3.472e-05,3133.95,2026-01-12 08:00:00+00:00
1768233600000,6.663e-05,3128.99,2026-01-12 16:00:00+00:00
1768262400007,4.704e-05,3093.98831783,2026-01-13 00:00:00.007000+00:00
1768291200009,9.164e-05,3121.08,2026-01-13 08:00:00.009000+00:00
1768320000002,2.672e-05,3183.1,2026-01-13 16:00:00.002000+00:00
1768348800000,0.0001,3324.69,2026-01-14 00:00:00+00:00
1768377600001,0.0001,3334.88,2026-01-14 08:00:00.001000+00:00
1768406400004,8.331e-05,3344.2,2026-01-14 16:00:00.004000+00:00
1768435200000,5.358e-05,3353.28,2026-01-15 00:00:00+00:00
1768464000004,6.58e-06,3328.64,2026-01-15 08:00:00.004000+00:00
1768492800002,9.722e-05,3330.13646124,2026-01-15 16:00:00.002000+00:00
1768521600000,3.284e-05,3317.02828682,2026-01-16 00:00:00+00:00
1768550400000,3.558e-05,3308.16,2026-01-16 08:00:00+00:00
1768579200001,2.767e-05,3263.05,2026-01-16 16:00:00.001000+00:00
1768608000000,8.371e-05,3294.69,2026-01-17 00:00:00+00:00
1768636800000,8.079e-05,3290.17573643,2026-01-17 08:00:00+00:00
1768665600002,6.017e-05,3328.13,2026-01-17 16:00:00.002000+00:00
1768694400001,3.761e-05,3308.91089147,2026-01-18 00:00:00.001000+00:00
1768723200000,1.351e-05,3305.66,2026-01-18 08:00:00+00:00
1768752000000,2.477e-05,3332.52959941,2026-01-18 16:00:00+00:00
1768780800007,5.221e-05,3283.1032093,2026-01-19 00:00:00.007000+00:00
1768809600007,-1.14e-05,3205.71,2026-01-19 08:00:00.007000+00:00
1768838400007,1.428e-05,3214.56658915,2026-01-19 16:00:00.007000+00:00
1768867200005,8.611e-05,3188.17400901,2026-01-20 00:00:00.005000+00:00
1768896000001,6.101e-05,3121.56937209,2026-01-20 08:00:00.001000+00:00
1768924800009,1.232e-05,3031.71069767,2026-01-20 16:00:00.009000+00:00
1768953600001,5.52e-06,2938.29662016,2026-01-21 00:00:00.001000+00:00
1768982400011,5.3e-06,2969.25408527,2026-01-21 08:00:00.011000+00:00
1769011200011,1.113e-05,3001.22,2026-01-21 16:00:00.011000+00:00
1769040000010,2.119e-05,2980.80246512,2026-01-22 00:00:00.010000+00:00
1769068800003,7.681e-05,3000.01,2026-01-22 08:00:00.003000+00:00
1769097600005,-2.933e-05,2941.55707752,2026-01-22 16:00:00.005000+00:00
1769126400005,1.674e-05,2951.21,2026-01-23 00:00:00.005000+00:00
1769155200000,2.868e-05,2946.97571318,2026-01-23 08:00:00+00:00
1769184000011,5.045e-05,2951.24,2026-01-23 16:00:00.011000+00:00
1769212800011,3.675e-05,2955.08,2026-01-24 00:00:00.011000+00:00
1769241600002,1.171e-05,2956.0,2026-01-24 08:00:00.002000+00:00
1769270400001,1.292e-05,2955.54,2026-01-24 16:00:00.001000+00:00
1769299200002,4.065e-05,2952.08,2026-01-25 00:00:00.002000+00:00
1769328000011,6.759e-05,2938.43,2026-01-25 08:00:00.011000+00:00
1769356800005,4.059e-05,2925.57100775,2026-01-25 16:00:00.005000+00:00
1769385600000,-0.00013629,2815.96,2026-01-26 00:00:00+00:00
1769414400003,6.54e-05,2903.0,2026-01-26 08:00:00.003000+00:00
1769443200000,1.326e-05,2898.08531008,2026-01-26 16:00:00+00:00
1769472000002,7.255e-05,2928.9,2026-01-27 00:00:00.002000+00:00
1769500800000,8.694e-05,2927.95,2026-01-27 08:00:00+00:00
1769529600000,9.488e-05,2936.46734964,2026-01-27 16:00:00+00:00
1769558400000,8.698e-05,3024.92,2026-01-28 00:00:00+00:00
1769587200000,9.559e-05,3004.06,2026-01-28 08:00:00+00:00
1769616000000,4.501e-05,3006.11,2026-01-28 16:00:00+00:00
1769644800000,4.731e-05,3009.43262791,2026-01-29 00:00:00+00:00
1769673600009,4.078e-05,2960.11,2026-01-29 08:00:00.009000+00:00
1769702400000,-1.167e-05,2822.9803769,2026-01-29 16:00:00+00:00
1769731200008,4.73e-06,2821.16860465,2026-01-30 00:00:00.008000+00:00
1769760000000,-3.08e-06,2738.97818605,2026-01-30 08:00:00+00:00
1769788800001,-5.6e-07,2728.23081395,2026-01-30 16:00:00.001000+00:00
1769817600000,-7.003e-05,2705.70828682,2026-01-31 00:00:00+00:00
1769846400001,1.854e-05,2678.85,2026-01-31 08:00:00.001000+00:00
1769875200009,-8.908e-05,2532.73,2026-01-31 16:00:00.009000+00:00
1769904000001,-0.00016427,2450.28496124,2026-02-01 00:00:00.001000+00:00
1769932800004,1.415e-05,2410.09168992,2026-02-01 08:00:00.004000+00:00
1769961600000,-7.308e-05,2313.97,2026-02-01 16:00:00+00:00
1769990400000,-0.00015302,2269.04,2026-02-02 00:00:00+00:00
1770019200014,-8.208e-05,2227.81549612,2026-02-02 08:00:00.014000+00:00
1770048000000,-0.00010921,2370.86,2026-02-02 16:00:00+00:00
1770076800000,-0.00015482,2345.61148757,2026-02-03 00:00:00+00:00
1770105600007,1.01e-05,2322.0,2026-02-03 08:00:00.007000+00:00
1770134400000,-3.903e-05,2302.36555814,2026-02-03 16:00:00+00:00
1770163200002,-2.474e-05,2232.23,2026-02-04 00:00:00.002000+00:00
1770192000007,2.076e-05,2282.97981395,2026-02-04 08:00:00.007000+00:00
1770220800000,-6.117e-05,2150.2983761,2026-02-04 16:00:00+00:00
1770249600011,5.503e-05,2147.46,2026-02-05 00:00:00.011000+00:00
1770278400000,-5.04e-06,2090.27147955,2026-02-05 08:00:00+00:00
1770307200007,-7.797e-05,1959.31603876,2026-02-05 16:00:00.007000+00:00
1770336000000,-0.00027709,1825.43212403,2026-02-06 00:00:00+00:00
1770364800001,-8.43e-05,1897.98374419,2026-02-06 08:00:00.001000+00:00
1770393600000,1.852e-05,1979.44,2026-02-06 16:00:00+00:00
1770422400003,0.0001,2062.55,2026-02-07 00:00:00.003000+00:00
1770451200000,-1.83e-06,2027.29,2026-02-07 08:00:00+00:00
1770480000010,1.636e-05,2051.48,2026-02-07 16:00:00.010000+00:00
1770508800003,2.665e-05,2086.11494387,2026-02-08 00:00:00.003000+00:00
1770537600000,-3.046e-05,2083.49,2026-02-08 08:00:00+00:00
1770566400000,-5.398e-05,2107.3,2026-02-08 16:00:00+00:00
1770595200002,-4.033e-05,2088.75428682,2026-02-09 00:00:00.002000+00:00
1770624000001,-4.865e-05,2064.47652713,2026-02-09 08:00:00.001000+00:00
1770652800007,-3.34e-06,2060.83712403,2026-02-09 16:00:00.007000+00:00
1770681600000,4.269e-05,2103.96,2026-02-10 00:00:00+00:00
1770710400007,-0.0001521,2006.06,2026-02-10 08:00:00.007000+00:00
1770739200000,-0.00019437,2021.35,2026-02-10 16:00:00+00:00
1770768000000,-8.436e-05,2021.51,2026-02-11 00:00:00+00:00
1770796800006,-0.00012968,1949.68625581,2026-02-11 08:00:00.006000+00:00
1770825600000,-0.00012326,1928.52912403,2026-02-11 16:00:00+00:00
1770854400000,-2.549e-05,1941.76651938,2026-02-12 00:00:00+00:00
1770883200001,2.239e-05,1968.92914729,2026-02-12 08:00:00.001000+00:00
1770912000001,-4.103e-05,1947.61516279,2026-02-12 16:00:00.001000+00:00
1770940800007,-0.00010652,1947.15,2026-02-13 00:00:00.007000+00:00
1770969600003,-2.874e-05,1934.88,2026-02-13 08:00:00.003000+00:00
1770998400005,4.26e-05,2033.96,2026-02-13 16:00:00.005000+00:00
1771027200002,-2.68e-06,2047.88078619,2026-02-14 00:00:00.002000+00:00
1771056000004,1.442e-05,2056.14024806,2026-02-14 08:00:00.004000+00:00
1771084800002,-1.921e-05,2086.68243384,2026-02-14 16:00:00.002000+00:00
1771113600000,-6.367e-05,2085.43,2026-02-15 00:00:00+00:00
1771142400002,6.204e-05,2090.58,2026-02-15 08:00:00.002000+00:00
1771171200000,-7.55e-05,2010.49714729,2026-02-15 16:00:00+00:00
1771200000001,-5.314e-05,1965.48,2026-02-16 00:00:00.001000+00:00
1771228800003,-5.925e-05,1970.21229457,2026-02-16 08:00:00.003000+00:00
1771257600000,-3.499e-05,1955.64,2026-02-16 16:00:00+00:00
1771286400008,5.298e-05,1997.35,2026-02-17 00:00:00.008000+00:00
1771315200001,8.43e-06,1984.85,2026-02-17 08:00:00.001000+00:00
1771344000002,-4.733e-05,1967.7,2026-02-17 16:00:00.002000+00:00
1771372800000,1.121e-05,1990.67,2026-02-18 00:00:00+00:00
1771401600000,-3.783e-05,2017.19,2026-02-18 08:00:00+00:00
1771430400011,-8.66e-06,1984.71284496,2026-02-18 16:00:00.011000+00:00
1771459200013,-0.00010561,1954.81500775,2026-02-19 00:00:00.013000+00:00
1771488000000,-3.009e-05,1980.92974419,2026-02-19 08:00:00+00:00
1771516800003,-7.865e-05,1925.28112403,2026-02-19 16:00:00.003000+00:00
1771545600000,-4.637e-05,1948.15,2026-02-20 00:00:00+00:00
1771574400000,-3.19e-05,1959.93202326,2026-02-20 08:00:00+00:00
1771603200000,-7.16e-05,1963.06,2026-02-20 16:00:00+00:00
1771632000004,3.05e-05,1967.91587597,2026-02-21 00:00:00.004000+00:00
1771660800000,4.592e-05,1962.01,2026-02-21 08:00:00+00:00
1771689600005,6.628e-05,1987.20836006,2026-02-21 16:00:00.005000+00:00
1771718400001,3.845e-05,1972.79506202,2026-02-22 00:00:00.001000+00:00
1771747200004,1.584e-05,1975.0,2026-02-22 08:00:00.004000+00:00
1771776000000,-4.379e-05,1953.10791099,2026-02-22 16:00:00+00:00
1771804800001,-3.343e-05,1957.01,2026-02-23 00:00:00.001000+00:00
1771833600000,-0.00036526,1884.2925814,2026-02-23 08:00:00+00:00
1771862400000,1.654e-05,1895.00985271,2026-02-23 16:00:00+00:00
1771891200007,2.61e-05,1855.60082171,2026-02-24 00:00:00.007000+00:00
1771920000000,-4.446e-05,1824.77,2026-02-24 08:00:00+00:00
1771948800001,-2.974e-05,1846.81313953,2026-02-24 16:00:00.001000+00:00
1771977600001,-2.455e-05,1851.1,2026-02-25 00:00:00.001000+00:00
1772006400007,4.558e-05,1892.48311628,2026-02-25 08:00:00.007000+00:00
1772035200000,5.753e-05,2012.98563566,2026-02-25 16:00:00+00:00
1772064000000,7.787e-05,2056.85373643,2026-02-26 00:00:00+00:00
1772092800006,-2.591e-05,2052.48,2026-02-26 08:00:00.006000+00:00
1772121600002,3.926e-05,2032.33,2026-02-26 16:00:00.002000+00:00
1772150400007,1.39e-05,2026.7,2026-02-27 00:00:00.007000+00:00
1772179200000,3.34e-06,2031.54,2026-02-27 08:00:00+00:00
1772208000001,-0.00011015,1947.49694066,2026-02-27 16:00:00.001000+00:00
1772236800000,-8.821e-05,1928.71803128,2026-02-28 00:00:00+00:00
1772265600000,-9.456e-05,1865.63,2026-02-28 08:00:00+00:00
1772294400004,-7.186e-05,1897.78,2026-02-28 16:00:00.004000+00:00
